0: 238, 255, 239
1: 238, 24, 255, 0
2: 238, 239, 255
3: 238, 81, 82, 83
4: 238, 15, 13, 39, 168
5: 238, 14, 255
6: 238, 239, 255
7: 238, 239, 101, 139, 130
8: 238, 4, 0, 255, 7
9: 238, 27, 46, 255
10: 238, 239, 11, 190
11: 238, 239, 255, 159
12: 238, 239, 150, 149
13: 238, 148, 141, 147
14: 238, 0, 16, 255, 17
15: 238, 226, 255, 107
16: 238, 239, 255, 18
17: 238, 0, 255, 12
18: 238, 255, 239, 113
19: 238, 239, 255
20: 238, 239, 255, 173
21: 238, 184, 255, 185
22: 238, 239, 186, 177, 237
23: 238, 239, 255
24: 238, 239, 255, 177
25: 238, 239, 255
26: 238, 239, 255
27: 238, 239, 186, 255
28: 238, 239, 255
29: 238, 239, 186, 255, 187, 178
30: 238, 239, 142, 255
31: 238, 239, 142, 186
32: 238, 239, 19
33: 238, 239, 153, 255
34: 238, 239, 179, 255
35: 238, 239, 105, 18
36: 238, 14, 15
37: 238, 192, 197, 204
38: 238, 239, 255, 153, 214
39: 238, 239, 25, 31, 143, 223
40: 238, 239, 255, 12
41: 238, 239, 255
42: 238, 239, 231, 255
43: 238, 239, 178, 143
44: 238, 239, 173, 255
45: 238, 148, 150, 149
46: 238, 239, 255
47: 238, 239, 255, 33
48: 238, 239, 184, 255
49: 238, 239, 215, 255, 232
50: 238, 239, 255
51: 238, 239, 206, 255
52: 238, 239, 235, 255
53: 238, 239, 13
54: 238, 239, 255
55: 238, 209, 215
56: 238, 239, 255
57: 238, 239, 255
58: 238, 239, 142, 255
59: 238, 239, 174, 255
60: 238, 12, 155, 255, 35, 51
61: 238, 239, 21, 255
62: 238, 239, 105, 21
63: 238, 239, 165, 255
64: 238, 203, 22
65: 238, 16, 17, 255, 35, 140
66: 238, 181, 255
67: 238, 239, 181, 255
68: 238, 181, 179, 255, 205, 110
69: 238, 239, 181, 187, 171, 212
70: 238, 25, 255, 228
71: 238, 239, 174, 255
72: 238, 239, 235, 255
73: 238, 239, 255
74: 238, 239, 144, 255
75: 238, 239, 174, 255
76: 238, 239, 144, 255
77: 238, 239, 15, 162
78: 238, 239, 4, 255, 236, 31
79: 238, 162, 228, 255
80: 238, 239, 168, 139
81: 238, 239, 19, 232
82: 238, 5, 6, 7
83: 238, 239, 188, 255
84: 238, 239, 12, 255
85: 238, 51, 47, 22
86: 238, 145, 255, 214
87: 238, 239, 155, 189
88: 238, 239, 116, 255, 40
89: 238, 239, 185, 255
90: 238, 0, 255, 18, 7
91: 238, 239, 153, 255
92: 238, 239, 255
93: 238, 239, 255
94: 238, 239, 255, 142
95: 238, 239, 105, 255
96: 238, 239, 0, 255, 6
97: 238, 239, 156, 255
98: 238, 239, 188, 255
99: 238, 239, 226, 255, 13
100: 238, 239, 7, 255, 101
101: 238, 239, 255
102: 238, 239, 46, 255
103: 238, 239, 101, 103
104: 238, 207, 147, 255, 19, 84
105: 238, 239, 14, 255
106: 238, 15, 14, 10
107: 238, 239, 7, 169
108: 238, 239, 159, 255
109: 238, 9, 11, 10
110: 238, 239, 35, 255
111: 238, 239, 15, 255
112: 238, 239, 13, 18
113: 238, 239, 255
114: 238, 239, 147, 255
115: 238, 239, 255
116: 238, 239, 255, 231, 114
117: 238, 239, 53, 255
118: 238, 239, 255, 48
119: 238, 239, 177, 255
120: 238, 239, 255, 4
121: 238, 239, 255
122: 238, 239, 255, 186
123: 238, 239, 255
124: 238, 239, 255, 32
125: 238, 239, 162, 255, 26
126: 238, 198, 116, 143, 111
127: 238, 239
128: 238, 239, 147, 255
129: 238, 239, 178, 255
130: 238, 239, 11, 139
131: 238, 239, 146, 186
132: 238, 239, 19
133: 238, 239, 13, 255
134: 238, 239, 12, 255
135: 238, 239, 178, 255, 143
136: 238, 239, 231, 255
137: 238, 239, 143, 255
138: 238, 239, 173, 255
139: 238, 239, 30, 255
140: 238, 239, 29, 255
141: 238, 239, 33, 255, 235
142: 238, 239, 109, 114
143: 238, 239, 215, 255
144: 238, 239, 30, 255
145: 238, 239, 165, 255
146: 238, 239, 235, 255
147: 238, 21, 255
148: 238, 239, 255
149: 238, 239, 181, 255, 180, 171
150: 238, 239, 32, 255
151: 238, 239, 51, 255
152: 238, 239, 174, 255
153: 238, 239, 12, 226
154: 238, 239, 21, 255
155: 238, 239, 188, 232
156: 238, 239, 190, 255
157: 238, 239, 181, 215
158: 238, 239, 153, 255
159: 238, 239, 181, 255
160: 238, 239, 112, 155
161: 238, 239, 162, 155
162: 238, 25, 255, 239
163: 238, 239, 157, 255, 153
164: 238, 239, 235, 255
165: 238, 239
166: 238, 239, 141, 142
167: 238, 239, 226, 255
168: 238, 239, 153, 255, 37
169: 238, 239, 35, 255
170: 238, 239, 228, 179
171: 238, 239, 139, 255
172: 238, 239, 146, 255
173: 238, 4, 41, 5
174: 238, 239, 146, 255, 188
175: 238, 239, 255, 27
176: 238, 239, 169, 255, 177
177: 238, 239, 185, 255
178: 238, 239, 145, 255
179: 238, 239, 188, 255
180: 238, 11, 185, 255, 35
181: 238, 169, 190, 255
182: 238, 0, 1
183: 238, 203, 156
184: 238, 239, 188, 21, 174
185: 238, 239, 188, 255
186: 238, 239, 255, 41
187: 238, 239, 21
188: 238, 239, 144, 255
189: 238, 239, 18, 15, 14
190: 238, 239, 30, 44, 199
191: 238, 239, 190, 111
192: 238, 4
193: 238, 239, 227, 14
194: 238, 239, 28, 255
195: 238, 45, 46, 51
196: 238, 26, 16, 32
197: 238, 239, 107, 255
198: 238, 11, 185, 255, 35
199: 238, 239, 37, 255, 36
200: 238, 239, 237, 116
201: 238, 12, 159, 255, 35
202: 238, 239, 255
203: 238, 239, 5, 255, 10, 16
204: 238, 239, 169, 255
205: 238, 51, 255, 35, 178
206: 238, 239, 255, 186
207: 238, 25, 255, 0
208: 238, 239, 255
209: 238, 239, 255, 24
210: 238, 239, 101, 255
211: 238, 239, 255
212: 238, 239, 159, 255, 109
213: 238, 105, 13, 7, 192, 84
214: 238, 239, 169, 255, 177
215: 238, 239, 150, 6
216: 238, 239, 178, 255
217: 238, 239, 184, 185
218: 238, 239, 235, 255
219: 238, 239, 157, 255
220: 238, 12, 11, 15
221: 238, 255, 11
222: 238, 239, 162, 255
223: 238, 239, 255
224: 238, 239, 19
225: 238, 239, 255
226: 238, 239, 214, 19
227: 238, 239, 181, 167
228: 238, 185, 142, 228
229: 238, 0, 5, 9
230: 238, 239, 231, 255
231: 238, 239, 255, 31
232: 238, 239, 255, 32
233: 238, 239, 255, 29
234: 238, 239, 179, 115, 215
235: 238, 239, 255
236: 238, 239, 178, 231
237: 238, 239, 157, 162, 11
238: 238, 239, 189, 255
239: 238, 239, 255, 159
240: 238, 239, 40
241: 238, 18, 13, 15
242: 238, 239, 146
243: 238, 239, 255, 149
244: 238, 239, 255
245: 238, 239, 255
246: 238, 152, 255, 165
247: 238, 0, 5, 9
248: 238, 239, 255, 146
249: 238, 15, 198, 177, 239, 21
250: 238, 239, 255, 22, 10
251: 238, 13, 18, 140, 139
252: 238, 13, 185
253: 238, 239, 155, 181
254: 238, 239, 112, 177, 198
255: 238, 255
256: 238, 239, 255
257: 238, 239, 255
258: 238, 239, 181, 255
259: 238, 239, 255
260: 238, 239, 255
261: 238, 239, 204, 197
262: 238, 239, 255
263: 238, 239, 255
264: 238, 239, 255
265: 238, 239, 255
266: 238, 239, 255
267: 238, 239, 255
268: 238, 239, 255
269: 238, 239, 255
270: 238, 239, 255
271: 238, 239, 255
272: 238, 239, 255
273: 238, 239, 255
274: 238, 239, 112, 255, 145
275: 238, 239, 255
276: 238, 239, 255
277: 238, 239, 255
278: 238, 239, 255
279: 238, 239, 255
280: 238, 239, 255
281: 238, 239, 255
282: 238, 239, 255
283: 238, 239, 255
284: 238, 239, 255
285: 238, 239, 255
286: 238, 239, 255
287: 238, 239, 255
288: 238, 239, 255
289: 238, 239, 255
290: 238, 239, 255
291: 238, 239, 255
292: 238, 239, 255
293: 238, 7, 41, 36
294: 238, 239, 255
295: 238, 239, 255
296: 238, 239, 255
297: 238, 239, 255
298: 238, 239, 255, 20
299: 238, 4, 27
300: 238, 239, 255
301: 238, 239, 255
302: 238, 239, 255, 208
303: 238, 239, 255
304: 238, 17, 26, 28
305: 238, 239, 255
306: 238, 25, 31
307: 238, 33, 39
308: 238, 239, 255
309: 238, 239, 255
310: 238, 239, 255
311: 238, 239, 255
312: 238, 239, 255
313: 238, 21, 40, 52
314: 238, 239, 255
315: 238, 239, 255
316: 238, 239, 255
317: 238, 239, 255
318: 238, 239, 255
319: 238, 239, 255
320: 238, 239, 255
321: 238, 239, 255
322: 238, 239, 255
323: 238, 9, 10, 11
324: 238, 239, 255
325: 238, 239, 255
326: 238, 239, 255
327: 238, 239, 255
328: 238, 239, 255
329: 238, 239, 255, 10
330: 238, 239, 255
331: 238, 239, 255, 147, 143
332: 238, 239, 255, 188, 11
333: 238, 239, 255
334: 238, 239, 255
335: 238, 239, 255
336: 238, 239, 255, 10, 11
337: 238, 239, 255, 26
338: 238, 239, 255, 177, 10
339: 238, 239, 255, 152
340: 238, 239, 255
341: 238, 239, 255
342: 238, 239, 255
343: 238, 239, 255
344: 238, 239, 255
345: 238, 239, 255
346: 238, 239, 255
347: 238, 239, 255
348: 238, 239, 255
349: 238, 239, 255
350: 238, 239, 255
351: 238, 239, 255
352: 238, 239, 255
353: 238, 239, 255
354: 238, 239, 255
355: 238, 36, 47, 51
356: 238, 19, 22
357: 238, 239, 181, 167
358: 238, 20, 255
359: 238, 239, 255
360: 238, 239, 255
361: 238, 239, 255
362: 238, 239, 255
363: 238, 239, 255
364: 238, 239, 255
365: 238, 239, 255
373: 238, 239, 255
374: 238, 239, 255
377: 238, 239, 255
381: 238, 239, 255